[Gamer]
LastName=nazkord
[Setup]
Tooltips=1
InterfaceGlint=1
InterfaceRain=1
Soluce4=1
Movies=1
CameraScroll=1
CameraInvertX=0
CameraInvertY=0
InterfaceEffect=1
Blood=1
Autosave=1
AutosaveInterval=5
AutosaveSlots=3
ObjectDirty=1
FogMode=1
LightMode=1
UseJoystick=-1
ParticleDensity=1
ClippingDistance=1
AudioVolume=0
MusicVolume=0
EditIndentMode=1
EditIndentValue=4
SystemMouse=0
MipmapLevel=1
Anisotropy=1
ShadowColor=0.5
ShadowRange=0
MSAA=2
FilterMode=1
ShadowMapping=1
ShadowMappingQuality=0
ShadowMappingResolution=1024
JoystickAxisBinding0=0
JoystickAxisInvert0=0
JoystickAxisBinding1=1
JoystickAxisInvert1=0
JoystickAxisBinding2=2
JoystickAxisInvert2=0
JoystickDeadzone=0.2
Resolution=800x600
Fullscreen=0
[Keybindings]
left=276 97
right=275 100
up=273 119
down=274 115
gup=424 1323
gdown=423 1323
camera=32 1323
desel=256 1323
action=13 101
near=270 1323
away=269 1323
next=9 1323
human=278 1323
quit=27 1323
help=282 1323
prog=283 1323
visit=266 1323
speed05=284 1323
speed10=285 1323
speed15=286 1323
speed20=287 1323
speed30=288 1323
speed40=289 1323
speed60=290 1323
camup=280 1323
camdown=281 1323
pause=19 112
[Edit]
FontSize=24
WindowPosX=0.1672617
WindowPosY=0.1791094
WindowDimX=0.49
WindowDimY=0.66
IOPublic=0
IOPosX=0.25
IOPosY=0.2239583
IODimX=0.5
IODimY=0.5520833
